First configuration of puzzle
   0   1   2
   3   4   5
   8   6   7
---------------
Second configuration of puzzle
   8   7   6
   5   1   4
   2   0   3
---------------
Third configuration of puzzle
   1   5   7
   3   6   2
   0   4   8
---------------
Enter which configuration of puzzle to run (1 or 2 or 3 ) : 
Selected Configuration
   8   7   6
   5   1   4
   2   0   3
---------------

Running A star search with Manhattan Dist heuristic

   8   7   6
   5   1   4
   2   0   3
---------------
   8   7   6
   5   1   4
   0   2   3
---------------
   8   7   6
   0   1   4
   5   2   3
---------------
   0   7   6
   8   1   4
   5   2   3
---------------
   7   0   6
   8   1   4
   5   2   3
---------------
   7   6   0
   8   1   4
   5   2   3
---------------
   7   6   4
   8   1   0
   5   2   3
---------------
   7   6   4
   8   1   3
   5   2   0
---------------
   7   6   4
   8   1   3
   5   0   2
---------------
   7   6   4
   8   1   3
   0   5   2
---------------
   7   6   4
   0   1   3
   8   5   2
---------------
   0   6   4
   7   1   3
   8   5   2
---------------
   6   0   4
   7   1   3
   8   5   2
---------------
   6   1   4
   7   0   3
   8   5   2
---------------
   6   1   4
   7   3   0
   8   5   2
---------------
   6   1   4
   7   3   2
   8   5   0
---------------
   6   1   4
   7   3   2
   8   0   5
---------------
   6   1   4
   7   3   2
   0   8   5
---------------
   6   1   4
   0   3   2
   7   8   5
---------------
   0   1   4
   6   3   2
   7   8   5
---------------
   1   0   4
   6   3   2
   7   8   5
---------------
   1   4   0
   6   3   2
   7   8   5
---------------
   1   4   2
   6   3   0
   7   8   5
---------------
   1   4   2
   6   3   5
   7   8   0
---------------
   1   4   2
   6   3   5
   7   0   8
---------------
   1   4   2
   6   3   5
   0   7   8
---------------
   1   4   2
   0   3   5
   6   7   8
---------------
   1   4   2
   3   0   5
   6   7   8
---------------
   1   0   2
   3   4   5
   6   7   8
---------------
   0   1   2
   3   4   5
   6   7   8
---------------
No. of moves made:  30
Time: 10.423448672001541s
