First configuration of puzzle
   0   1   2
   3   4   5
   8   6   7
---------------
Second configuration of puzzle
   8   7   6
   5   1   4
   2   0   3
---------------
Third configuration of puzzle
   1   5   7
   3   6   2
   0   4   8
---------------
Enter which configuration of puzzle to run (1 or 2 or 3 ) : 
Selected Configuration
   8   7   6
   5   1   4
   2   0   3
---------------

Running A star search with Misplaced Tiles heuristic

   8   7   6
   5   1   4
   2   0   3
---------------
   8   7   6
   5   1   4
   2   3   0
---------------
   8   7   6
   5   1   0
   2   3   4
---------------
   8   7   0
   5   1   6
   2   3   4
---------------
   8   0   7
   5   1   6
   2   3   4
---------------
   0   8   7
   5   1   6
   2   3   4
---------------
   5   8   7
   0   1   6
   2   3   4
---------------
   5   8   7
   1   0   6
   2   3   4
---------------
   5   8   7
   1   6   0
   2   3   4
---------------
   5   8   0
   1   6   7
   2   3   4
---------------
   5   0   8
   1   6   7
   2   3   4
---------------
   0   5   8
   1   6   7
   2   3   4
---------------
   1   5   8
   0   6   7
   2   3   4
---------------
   1   5   8
   6   0   7
   2   3   4
---------------
   1   5   8
   6   3   7
   2   0   4
---------------
   1   5   8
   6   3   7
   0   2   4
---------------
   1   5   8
   0   3   7
   6   2   4
---------------
   1   5   8
   3   0   7
   6   2   4
---------------
   1   5   8
   3   2   7
   6   0   4
---------------
   1   5   8
   3   2   7
   6   4   0
---------------
   1   5   8
   3   2   0
   6   4   7
---------------
   1   5   0
   3   2   8
   6   4   7
---------------
   1   0   5
   3   2   8
   6   4   7
---------------
   1   2   5
   3   0   8
   6   4   7
---------------
   1   2   5
   3   4   8
   6   0   7
---------------
   1   2   5
   3   4   8
   6   7   0
---------------
   1   2   5
   3   4   0
   6   7   8
---------------
   1   2   0
   3   4   5
   6   7   8
---------------
   1   0   2
   3   4   5
   6   7   8
---------------
   0   1   2
   3   4   5
   6   7   8
---------------
Path cost :  30
No. of visited nodes :  367995
Time: 3522.8440340510024s
