First configuration of puzzle
   0   1   2
   3   4   5
   8   6   7
---------------
Second configuration of puzzle
   8   7   6
   5   1   4
   2   0   3
---------------
Third configuration of puzzle
   1   5   7
   3   6   2
   0   4   8
---------------
Enter which configuration of puzzle to run (1 or 2 or 3 ) : 
Selected Configuration
   0   1   2
   3   4   5
   8   6   7
---------------

Running Greedy search with Misplaced Tiles heuristic

   0   1   2
   3   4   5
   8   6   7
---------------
   3   1   2
   0   4   5
   8   6   7
---------------
   3   1   2
   8   4   5
   0   6   7
---------------
   3   1   2
   8   4   5
   6   0   7
---------------
   3   1   2
   8   4   5
   6   7   0
---------------
   3   1   2
   8   4   0
   6   7   5
---------------
   3   1   2
   8   0   4
   6   7   5
---------------
   3   1   2
   0   8   4
   6   7   5
---------------
   0   1   2
   3   8   4
   6   7   5
---------------
   1   0   2
   3   8   4
   6   7   5
---------------
   1   2   0
   3   8   4
   6   7   5
---------------
   1   2   4
   3   8   0
   6   7   5
---------------
   1   2   4
   3   8   5
   6   7   0
---------------
   1   2   4
   3   8   5
   6   0   7
---------------
   1   2   4
   3   0   5
   6   8   7
---------------
   1   2   4
   3   5   0
   6   8   7
---------------
   1   2   0
   3   5   4
   6   8   7
---------------
   1   0   2
   3   5   4
   6   8   7
---------------
   1   5   2
   3   0   4
   6   8   7
---------------
   1   5   2
   3   4   0
   6   8   7
---------------
   1   5   2
   3   4   7
   6   8   0
---------------
   1   5   2
   3   4   7
   6   0   8
---------------
   1   5   2
   3   0   7
   6   4   8
---------------
   1   0   2
   3   5   7
   6   4   8
---------------
   1   2   0
   3   5   7
   6   4   8
---------------
   1   2   7
   3   5   0
   6   4   8
---------------
   1   2   7
   3   0   5
   6   4   8
---------------
   1   2   7
   3   4   5
   6   0   8
---------------
   1   2   7
   3   4   5
   6   8   0
---------------
   1   2   7
   3   4   0
   6   8   5
---------------
   1   2   0
   3   4   7
   6   8   5
---------------
   1   0   2
   3   4   7
   6   8   5
---------------
   1   4   2
   3   0   7
   6   8   5
---------------
   1   4   2
   3   7   0
   6   8   5
---------------
   1   4   2
   3   7   5
   6   8   0
---------------
   1   4   2
   3   7   5
   6   0   8
---------------
   1   4   2
   3   0   5
   6   7   8
---------------
   1   0   2
   3   4   5
   6   7   8
---------------
   0   1   2
   3   4   5
   6   7   8
---------------
Path cost :  39
No. of visited nodes :  499
Time: 0.025123793002421735s
