First configuration of puzzle
   0   1   2
   3   4   5
   8   6   7
---------------
Second configuration of puzzle
   8   7   6
   5   1   4
   2   0   3
---------------
Third configuration of puzzle
   1   5   7
   3   6   2
   0   4   8
---------------
Enter which configuration of puzzle to run (1 or 2 or 3 ) : 
Selected Configuration
   1   5   7
   3   6   2
   0   4   8
---------------

Running Greedy search with Misplaced Tiles heuristic

   1   5   7
   3   6   2
   0   4   8
---------------
   1   5   7
   3   6   2
   4   0   8
---------------
   1   5   7
   3   0   2
   4   6   8
---------------
   1   5   7
   3   2   0
   4   6   8
---------------
   1   5   0
   3   2   7
   4   6   8
---------------
   1   0   5
   3   2   7
   4   6   8
---------------
   1   2   5
   3   0   7
   4   6   8
---------------
   1   2   5
   3   7   0
   4   6   8
---------------
   1   2   0
   3   7   5
   4   6   8
---------------
   1   0   2
   3   7   5
   4   6   8
---------------
   0   1   2
   3   7   5
   4   6   8
---------------
   3   1   2
   0   7   5
   4   6   8
---------------
   3   1   2
   4   7   5
   0   6   8
---------------
   3   1   2
   4   7   5
   6   0   8
---------------
   3   1   2
   4   0   5
   6   7   8
---------------
   3   1   2
   0   4   5
   6   7   8
---------------
   0   1   2
   3   4   5
   6   7   8
---------------
Path cost :  16
No. of visited nodes :  49
Time: 0.0019182040050509386s
